$ANSIBLE_VAULT;1.1;AES256
35373439323131663865663237623031636538666462393236356535643033306131333161303333
3134366131383130663831356335333431616434383632630a326638616139326237323834343433
63653161643639303832333965386631356438656661653235383038326234666634376463333436
3734363133656333340a366564326566366632396166313935636261326563316362633432373934
33653761333666333734356162306636636330336139323331393736663832666266346434346562
61323264666232346235646233326430666132343738376466613461303635646461316230353232
37393832353731633833636332373765306530656264323564323437326135663738386139636532
37656665643061626433306463386162636134353731633238326365356666653534393534663361
61376235333439336135353332363161353861326264643563316434363734313630343039333563
64333962623466353263643164653935313864643163373536613462666236393036343130373732
39643834626562343830633566376633343665373762663934316630326564623430623665323135
61616135653063323036346365643335323439333737333665663437333531623163633638633232
32353238313466373566346230376162333166613736613366386564663365623335396365656463
66626536643663666334636137633164376532653833623362316363643331643237313562386334
32643039663464633535313764656533636330303662613731363138333965376231323030633434
63336339376636376132616438343766376264643663356236666531643366653935616262313661
63646363633439356238666532336639616266623562326537333433616164353732633230386366
63363063613231353966633632353861383537303065643339343835336166333938343065646630
33336334366263303631613939626261326264333932623933376665303362303835613663626336
30643561353030653962326439303631383065656561373838663866626661653762653362376364
62633631316236383830316438333763323066643839666338373336616563616663306430633632
31303037633465643335363536653064636263386363646431323664323237633734666230626337
34663665353630356166316337383062333331333365656663663634396561316432313961353362
64343234393838613735363438326431333164643038323837626362383563333561643035303266
63303263343764323339376238353166656532376232306463663163336234653839316433336439
66393066363639633531323564386232373637366262663837363234363263623530336264653738
38653438613634386462653436633737383362646433303562306636386235386366383237346264
38633763323835343333353730373236316565363735353331393562386537626266626536333031
63616639656234363163323766313233336361303563316265666361613964376435616563343838
37636661353932613862623731396533396636313439613866613832323436653334653266646161
39336231386464336439316235323639313464356461633962653132616263303237666336353534
33323761313961656266343265356438626436313966343365326363353736336464643564633866
61616137363837613364336131363363663530306331353964353931343331306437313431393962
65303537326236366339623638643736326532316163363062313232396662396261666138393364
34626162613736326634643835346435633335636661366538643961333338663766386134336639
61336231646531373238623330613733373132623330383331303833323565313930393963373761
39376231656262353334363466333134383135336639616335666230613333353135323931323139
61636166646434653135323638396234333536643138383230663765316366326234363031666361
39313162373739613338333935326331396364356235393731323237373236346530373861306262
30363965346230633534613438376438623531663731656238623766636661656134323839663939
34643161616637383039626431386239613963646633613937313338323264623266346332616165
63666235366466356236613266363533333837613334306432666461336236633239666164643137
633232303537343138366133656432643932
